       -1.400000        1.400000       -5.797884    1.000000E-04          40
       -1.400000
       -5.797884
       -1.328205
       -4.040904
       -1.256410
       -3.075229
       -1.184615
       -2.459353
       -1.112821
       -2.028603
       -1.041026
       -1.707542
   -9.692308E-01
       -1.456715
   -8.974359E-01
       -1.253462
   -8.256410E-01
       -1.083826
   -7.538462E-01
   -9.387248E-01
   -6.820513E-01
   -8.119781E-01
   -6.102564E-01
   -6.992190E-01
   -5.384616E-01
   -5.972587E-01
   -4.666667E-01
   -5.036979E-01
   -3.948718E-01
   -4.166797E-01
   -3.230770E-01
   -3.347261E-01
   -2.512821E-01
   -2.566264E-01
   -1.794872E-01
   -1.813582E-01
   -1.076924E-01
   -1.080290E-01
   -3.589749E-02
   -3.583127E-02
    3.589737E-02
    3.599446E-02
    1.076922E-01
    1.081922E-01
    1.794871E-01
    1.815214E-01
    2.512820E-01
    2.567896E-01
    3.230768E-01
    3.348893E-01
    3.948717E-01
    4.168429E-01
    4.666666E-01
    5.038611E-01
    5.384614E-01
    5.974218E-01
    6.102563E-01
    6.993821E-01
    6.820512E-01
    8.121412E-01
    7.538460E-01
    9.388879E-01
    8.256409E-01
        1.083989
    8.974358E-01
        1.253625
    9.692307E-01
        1.456878
        1.041026
        1.707705
        1.112820
        2.028764
        1.184615
        2.459512
        1.256410
        3.075381
        1.328205
        4.041020
        1.400000
        5.797709
