       -3.000000        5.000000       -3.570000    1.000000E-03          20
       -3.000000
       -3.570000
       -2.578947
       -2.465454
       -2.157895
       -1.859979
       -1.736842
       -1.539818
       -1.315789
       -1.351183
   -8.947366E-01
       -1.189386
   -4.736840E-01
   -9.923504E-01
   -5.263132E-02
   -7.352037E-01
    3.684213E-01
   -4.239496E-01
    7.894740E-01
   -8.741719E-02
        1.210527
    2.323709E-01
        1.631579
    4.905560E-01
        2.052632
    6.492591E-01
        2.473685
    6.854972E-01
        2.894737
    5.960508E-01
        3.315790
    3.985862E-01
        3.736843
    1.289369E-01
        4.157895
   -1.649150E-01
        4.578948
   -4.310615E-01
        5.000000
   -6.226332E-01
